physical:
  mass: 3.07551  # no battery: 2.125kg ; with battery: 2.9kg;
  gravity: 9.798  #9.80665 # m/s^2   Tokyo 9.798; in sim: 9.80665
  inertia_diag: [ 0.0641111, 0.0633951, 0.0953361 ] # kg m^2
  dr1: 1  # direction of motor 1
  p1: [ 0.194821, 0.194655, -0.00585168 ] # position of motor 1
  dr2: -1  # direction of motor 2
  p2: [ -0.194839, 0.194655, -0.00585168 ] # position of motor 2
  dr3: 1  # direction of motor 3
  p3: [ -0.194839, -0.195006, -0.00585168 ] # position of motor 3
  dr4: -1  # direction of motor 4
  p4: [ 0.194821, -0.195006, -0.00585168 ] # position of motor 4
  kq_d_kt: 0.0165

  # these parameters are for the beetle art. TODO: recalibrate these parameters
  num_rotors: 4
  t_rotor: 0.0942

  num_servos: 4
  t_servo: 0.085883
